R(H = 0.3),T(H = 0.3),R(H = 1.0),T(H = 1.0),R(H = 3.0),T(H = 3.0),R(H = 9.0),T(H = 9.0)
0.0027150003728294,90.0610619,0.0027158419177031,90.058033,0.002649208101975,88.0377579,0.002646857980363,86.0320015
0.0027092199981466,89.9768257,0.0027108955657926,89.97940825,0.0026449258789881,87.9799118,0.0026431990240807,85.9780159
0.0027065756785327,89.90919495,0.002709162170358,89.9232254,0.0026431425367511,87.92786405,0.0026411240683784,85.92763135
0.0027031655147371,89.8207436,0.0027065124011028,89.84548185,0.0026402178292823,87.85035325,0.0026377226909541,85.83857345
0.002701902448497,89.76628115,0.0027040518857026,89.7727661,0.0026378937038044,87.7811203,0.0026355700314578,85.77054595
0.0026997633653243,89.71329115,0.0027021093660035,89.71401975,0.0026356601901517,87.7229309,0.0026342361449359,85.723938
0.0026963918713607,89.64927295,0.0026995182588662,89.64941405,0.0026327462575408,87.65353015,0.0026314330074845,85.65953445
0.0026916080472099,89.55099865,0.0026959147624803,89.5673256,0.0026294146839227,87.5699806,0.0026279066330898,85.5686226
0.0026882349089269,89.4729843,0.0026926328778958,89.4826355,0.0026256746547652,87.48062135,0.0026249398684259,85.4883957
0.0026852370836303,89.4059563,0.0026894788771866,89.39987945,0.0026225856084403,87.40092465,0.0026229571998085,85.4213142
0.0026812016321821,89.33405685,0.0026862682554879,89.3162384,0.0026196611839151,87.32284545,0.002620124506201,85.3496437
0.0026765529108633,89.25207135,0.0026829742168904,89.23745725,0.0026161181480264,87.2484322,0.0026168328074463,85.26940155
0.0026716091423586,89.1637497,0.0026791639205546,89.14426805,0.0026120960366124,87.1548157,0.0026137156419407,85.186203
0.0026664712615897,89.0801773,0.0026756272512063,89.05480575,0.0026086249548198,87.06879805,0.0026107681376243,85.10596085
0.0026597917270309,88.9871597,0.0026719625573079,88.97068025,0.0026054017978085,86.96853255,0.0026072547660035,85.01332855
0.0026528709598312,88.8965263,0.0026686415807322,88.88770675,0.002602125324837,86.8884773,0.0026037108867811,84.91991805
0.0026449296933671,88.80825045,0.0026644171791966,88.8080101,0.0025976943274247,86.79206085,0.0026008475423072,84.8390274
0.0026375035461961,88.72810365,0.0026602723941124,88.7177391,0.0025944324211547,86.70859145,0.0025975471071459,84.75592045
0.0026261670378015,88.6380844,0.0026561559814519,88.6267891,0.0025901565598279,86.61768725,0.0025943816588955,84.67124175
0.0026165322171467,88.56210325,0.0026524104051987,88.5482597,0.002587168631733,86.5416527,0.002590791530279,84.5787849
0.0026027120798259,88.48187255,0.0026483776035657,88.46704865,0.0025829007643839,86.4586525,0.0025873535172116,84.48633195
0.002585498759407,88.40061955,0.0026443297907106,88.38498685,0.0025794589935416,86.38136675,0.0025848483687406,84.41036985
0.0025656792249166,88.32336045,0.0026396934477689,88.29717255,0.002575593819633,86.29789355,0.0025818072135286,84.3311081
0.0025371807358344,88.24335865,0.0026349922799334,88.2162437,0.0025710808718459,86.2059784,0.0025788600935082,84.2511864
0.0024946735054939,88.153141,0.0026299976683222,88.1305008,0.0025670267127809,86.11870575,0.0025759693925547,84.1744347
0.0024429692045813,88.0727272,0.002625242328254,88.041111,0.0025633549914314,86.0420456,0.0025722969777714,84.08460615
0.0023771724998214,87.9900246,0.0026197743135273,87.9584389,0.0025591246768236,85.95603565,0.002569292484123,84.0023193
0.0022773621097061,87.90978625,0.002613794304031,87.8788643,0.0025541453034581,85.8686905,0.0025659559183785,83.918354
0.0021532158699215,87.8301239,0.0026075966191996,87.78871535,0.0025502777441841,85.7905579,0.0025631397125771,83.83876415
0.0019874756779069,87.7460327,0.0026009712632815,87.71139145,0.0025455813051227,85.7089233,0.0025600077182574,83.7566681
0.0018064383298095,87.66788485,0.0025931160966464,87.63022995,0.0025415293342663,85.6336937,0.0025563561421344,83.6666412
0.0015947233909249,87.5909309,0.0025852942806243,87.55895995,0.00253596725927,85.5476456,0.0025534060547534,83.58818435
0.0013321955360493,87.5088272,0.0025752198341232,87.4786339,0.0025309718632006,85.4681549,0.0025501326249855,83.50530245
0.0010525556633844,87.4258995,0.0025637683400617,87.39523315,0.0025261200711847,85.3899269,0.0025471880176795,83.4241562
0.000778796977817,87.343338,0.0025502459416889,87.3094254,0.0025200909232801,85.3058968,0.0025444952417711,83.35024265
0.0005380986163662,87.25871655,0.0025363138835328,87.2321434,0.0025150014899301,85.23106385,0.0025415366748082,83.2713509
0.0003118735519416,87.1489296,0.0025196432041961,87.15795135,0.0025084338442781,85.1507683,0.0025383146797578,83.1901741
0.0001439283197662,87.05432125,0.0024956580178924,87.07920075,0.0025011272417591,85.0681076,0.0025352694386234,83.10963825
5.44683756537422e-05,86.9346466,0.0024707402326286,87.0000191,0.0024942587312657,84.9867859,0.0025322437840427,83.0293579
2.03356240615303e-05,86.81994625,0.0024357238093503,86.91936495,0.0024864244926632,84.9108009,0.002528742356969,82.9449806
7.35847994027282e-06,86.72475435,0.0023852023151889,86.82210925,0.0024778967378272,84.82942585,0.0025253447742212,82.85907365
2.10260474347916e-06,86.62148285,0.0023228010864378,86.73574445,0.0024682700491711,84.7440338,0.0025221200014632,82.77692795
6.50713216756552e-07,86.5258713,0.0022588452282852,86.66105655,0.0024560116631608,84.6436653,0.0025194430882026,82.70079805
2.86718568861415e-07,86.4426231,0.0021663671470371,86.57761385,0.0024440736563026,84.5589943,0.0025157049923567,82.6153679
1.46666477429615e-07,86.35969165,0.0020407040066062,86.4913101,0.0024326867981809,84.48529435,0.002512090764183,82.5253372
7.65678126198865e-08,86.27658845,0.0019124468944156,86.4083824,0.0024178917120244,84.4085541,0.002508438577827,82.4352875
5.66120431632617e-08,86.1906853,0.0017606300564735,86.3311005,0.0024029055080681,84.33180235,0.0025060746316745,82.36623
3.35338090388425e-08,86.10847095,0.001607631319832,86.2536774,0.0023813410209372,84.24043275,0.0025028177038798,82.29214095
4.05010924566118e-08,86.01800155,0.0014102404976178,86.16893385,0.0023627525337661,84.15792465,0.0024994594690543,82.20566175
3.80219683556554e-08,85.9238167,0.0011659852641534,86.0683632,0.0023351352287906,84.0726776,0.0024955070348471,82.116745
4.33955030072278e-08,85.83775715,0.0009326227643894,85.9800034,0.0023005897130449,83.9744911,0.0024922584719198,82.03339765
3.42027479404753e-08,85.7438545,0.0007225727573823,85.88705065,0.0022698816966728,83.89821625,0.0024885198874976,81.9457588
4.73248661745114e-08,85.6557846,0.0005724847224485,85.8155403,0.0022241220364146,83.8143616,0.002485149339081,81.86416625
2.06204259803302e-08,85.56368255,0.0003772292364241,85.693161,0.0021821063766031,83.74121475,0.0024815011202345,81.77879715
3.30751261045541e-08,85.47897725,0.0002310096574457,85.59294895,0.0020997036761994,83.62716675,0.0024784272873194,81.70134735
1.73140948698252e-08,85.38596345,0.0001551068934832,85.5082817,0.0020400375036783,83.55252455,0.0024752146650037,81.6246414
3.87126965065295e-08,85.2935753,9.68260427086707e-05,85.4169922,0.0019641555528379,83.47272875,0.0024718725699646,81.54899975
1.23800853400151e-08,85.20284655,5.92749511755586e-05,85.3368149,0.0018679659403737,83.3889046,0.002468572489879,81.4690895
4.26936408325689e-08,85.1157303,3.41955398149024e-05,85.2347374,0.0017562331506089,83.2966385,0.0024654112991875,81.3917885
5.68506055318367e-08,85.01711655,1.97210893708474e-05,85.1407776,0.0016511308044587,83.2110405,0.0024612940711792,81.3076744
2.05781498416508e-08,84.9099083,1.0663136572185e-05,85.04803465,0.0015273237159485,83.12962725,0.0024570999701015,81.21875
3.93436783216308e-08,84.80596925,5.70809635390977e-06,84.95711515,0.0013806954895771,83.0298042,0.0024535786159776,81.1357574
5.548684899762191e-09,84.70039365,2.88964095880403e-06,84.8627052,0.0012414934777873,82.946434,0.0024505185543729,81.06414795
-1.92190615550677e-08,84.6180458,1.50258596379281e-06,84.7674065,0.0010920382859584,82.85594175,0.0024467882848331,80.98757935
1.38383940917321e-08,84.52884675,8.98799095015541e-07,84.68834305,0.0009431467884295,82.7652016,0.0024429488184137,80.90866085
3.83945099968105e-08,84.4325104,4.59684059594483e-07,84.59597395,0.0008331695622611,82.6895752,0.0024398889046666,80.8421402
3.16916388494401e-08,84.34412,2.58023819487919e-07,84.51249695,0.0007150763813942,82.6120224,0.0024361385581695,80.7677765
1.12338679731713e-08,84.26000595,1.35660802321233e-07,84.42724225,0.0005850958849118,82.52490615,0.0024327827970368,80.69424435
1.98738833373766e-08,84.15976715,1.20840964718442e-07,84.33662415,0.000461262607751,82.41082,0.0024293396983518,80.62382125
4.70775272802965e-08,84.07699585,7.38958919838214e-08,84.2447624,0.0003512266353901,82.32100295,0.0024250463475738,80.54634855
3.42599943389916e-08,83.996418,5.24783971446073e-08,84.14929965,0.0002700036229103,82.23106765,0.0024210553007192,80.46936035
3.88404587737264e-08,83.90325925,5.69489983020639e-08,84.0581131,0.0002049736943992,82.13974,0.0024176366221466,80.40014265
9.471321460691922e-09,83.80798335,5.07791243782052e-08,83.95381545,0.0001491357288821,82.0436325,0.0024138112742328,80.32767105
4.15037810916685e-08,83.714756,3.32494381573308e-08,83.869297,0.0001115735123667,81.95713425,0.0024098061457346,80.25857165
4.44076755797364e-08,83.62829975,2.85781956603149e-08,83.7867737,7.94957075815813e-05,81.8567009,0.0024062156764483,80.19021225
2.40544692930103e-08,83.5343323,8.19558581065629e-08,83.69592285,5.41267804997013e-05,81.75592425,0.0024017755862882,80.116745
4.27723197588125e-08,83.44815065,5.65290016534221e-08,83.60488895,3.83055808002707e-05,81.6734085,0.0023972508161127,80.0412979
3.50536956336674e-08,83.3672104,4.72669561489705e-08,83.517971,2.581952766663e-05,81.56920245,0.0023931072753758,79.9729385
3.31316126440811e-08,83.29122925,3.64126411376046e-08,83.42775725,1.78348249237696e-05,81.48721315,0.0023884991444442,79.90059665
3.62769591527146e-08,83.24775695,3.81073603339404e-08,83.33590315,1.29565205525331e-05,81.40941235,0.002383951113983,79.82847215
1.29371855121941e-08,83.23164365,4.24218777977359e-08,83.24446105,8.23156470814371e-06,81.3097534,0.0023798774994797,79.76371385
2.00878565982957e-08,83.20905685,7.16262977331722e-09,83.1539345,5.50754969281134e-06,81.2176361,0.0023744211706345,79.68834685
3.916292937799361e-09,83.1884651,4.86177546801816e-08,83.0613594,3.81568154664703e-06,81.12841795,0.0023697824497197,79.6248779
2.87795835904517e-08,83.1823654,1.08227384192464e-08,82.97627255,2.70736321987658e-06,81.05469895,0.0023643979896406,79.552578
,,2.00135414537782e-08,82.8710823,1.83473085608509e-06,80.97118375,0.0023590184884921,79.4808235
,,1.5680800423587e-08,82.7561951,1.26715743742519e-06,80.8889122,0.0023541391649987,79.41411975
,,1.9206055178027e-08,82.6505356,8.71799673137694e-07,80.8066559,0.0023478559888866,79.339695
,,4.8686250128372e-08,82.5296173,6.26968672518446e-07,80.7366905,0.0023419788935946,79.27231215
,,4.68026548081258e-08,82.4170418,4.57606970018552e-07,80.65250775,0.0023359887654834,79.207901
,,3.09891491846933e-08,82.32387545,3.22147603671573e-07,80.5710411,0.0023286236579657,79.1321831
,,1.7874097701394e-08,82.2393341,2.04175669829887e-07,80.4980507,0.0023212252602263,79.0600586
,,3.88829954177071e-08,82.14689255,1.76410245176295e-07,80.43033215,0.0023152527096992,78.9966431
,,3.28728607062319e-08,82.0541992,7.97297683377718e-08,80.335247,0.0023085439539355,78.93529895
,,1.36795607219639e-08,81.9529381,1.50122265393892e-07,80.26210025,0.0022984834140642,78.8569832
,,1.91842883199443e-08,81.8661957,9.84441419428387e-08,80.17056275,0.0022889091173542,78.77931595
,,1.50839351202426e-08,81.7781906,6.2474444977502e-08,80.08667375,0.0022803699214404,78.7117844
,,3.09466703405888e-08,81.68933485,6.17561516314468e-08,80.00460815,0.0022705356434351,78.6434288
,,2.78456883614675e-08,81.5978279,5.64866693802977e-08,79.9328003,0.0022594502235576,78.5688782
,,1.51509615031024e-08,81.50858685,8.74291926669393e-08,79.83695985,0.0022497630363244,78.5027847
,,-2.74680259414244e-09,81.41796495,4.82667273572633e-08,79.73940275,0.0022347281223522,78.4241219
,,4.79234525719847e-08,81.3219185,5.76384812704879e-08,79.65618135,0.0022212774570152,78.3532448
,,1.78171267145921e-08,81.24067685,6.4936599669669e-08,79.5897484,0.0022082264515801,78.2793388
,,3.79701122720152e-08,81.15394595,4.46706123195068e-08,79.50581745,0.0021937886401781,78.21440505
,,2.83695271259924e-08,81.07043455,4.93055144072315e-08,79.424057,0.0021759837670941,78.14037705
,,2.8728004741662e-08,80.986702,2.67404828690095e-08,79.33667375,0.002154972201189,78.06072615
,,1.57870440982744e-08,80.9058151,7.04816799990107e-08,79.2571678,0.0021397075507881,77.99689485
,,3.35416090031983e-08,80.8291931,4.02986515586836e-08,79.18237685,0.0021155617916489,77.9204178
,,2.57587959253293e-08,80.7523193,3.26252785413342e-08,79.09810255,0.0020924020811442,77.84936145
,,3.47572107262653e-08,80.6743317,4.65718450249913e-08,79.01855085,0.0020681021044958,77.7793045
,,3.06730537851544e-08,80.6006813,2.39851836815255e-08,78.9430466,0.0020454284973453,77.7157326
,,8.990185203639281e-09,80.5176239,3.76977629380147e-08,78.8733215,0.0020130360349212,77.64123535
,,1.92913524738813e-08,80.4399376,3.37142429868063e-08,78.7992668,0.00198219497708,77.5710869
,,1.62430965826134e-08,80.3723373,3.22251120083719e-08,78.7206116,0.0019545406037029,77.5064316
,,4.3022903096084e-08,80.29581835,2.92312530623496e-08,78.64212035,0.0019133799335087,77.4310188
,,4.93097017672759e-09,80.21966935,4.2704086448553e-08,78.57627865,0.0018726284777036,77.3584938
,,1.80871554321796e-08,80.13911055,3.25469502433102e-08,78.4982796,0.0018318130785924,77.28824235
,,3.91472445990107e-08,80.05687335,5.57133972436185e-08,78.42136,0.0017893751175534,77.2254829
,,2.1273077168314e-08,79.97530745,3.86801393777639e-08,78.33634565,0.0017342893588579,77.1490326
,,3.38169559060189e-08,79.9032707,4.39464359867315e-08,78.2660637,0.0016861214601301,77.07815555
,,3.23416548481726e-08,79.8148003,1.22864238697643e-08,78.1794357,0.0016335610151795,77.01358795
,,4.1671408344004105e-09,79.7397766,3.98855691533057e-08,78.1004524,0.0015577740051445,76.9210815
,,2.06608053958846e-08,79.671772,2.17420708626419e-08,78.0058899,0.0014998016516404,76.85420225
,,1.76220003809299e-08,79.5902977,3.80120492727245e-08,77.9384117,0.0014326800350236,76.78256225
,,2.60554070303098e-08,79.5036545,3.45455153592228e-08,77.8596039,0.001365076391687,76.7134247
,,3.6711917397708e-08,79.42835615,2.97664654934142e-08,77.77578735,0.0012929653096228,76.64102935
,,2.48451209512868e-08,79.36544035,3.96268889007594e-08,77.6988144,0.0012182964012508,76.56718445
,,1.00164777339801e-08,79.28721235,-4.5502164839408705e-09,77.6044388,0.0011270241876648,76.4848747
,,2.80958109367043e-08,79.20873645,2.42755739648728e-08,77.51337435,0.0010512034614446,76.4107132
,,2.89599769405633e-08,79.12269975,2.85750978104252e-08,77.43709185,0.0009786300740785,76.3402252
,,3.39694798975479e-08,79.04965975,2.77695657100559e-08,77.3622246,0.0009093733015024,76.27102665
,,2.22975025854346e-08,78.96415325,5.46268078230811e-08,77.29356385,0.0008332511382236,76.2014542
,,1.43490650388934e-08,78.88993455,3.1637435553384e-08,77.2211609,0.0007708834635337,76.13492205
,,6.11070507747939e-08,78.82107545,1.98641348025071e-08,77.13897705,0.0006975959878781,76.06549455
,,2.60211061114084e-08,78.74295805,3.63097429641366e-08,77.05641935,0.0006297444898076,75.99295045
,,4.77770017409729e-08,78.6718559,4.81103117551114e-08,76.977066,0.0005594429767722,75.9126663
,,3.70281226159129e-08,78.6001053,1.6399928891457301e-09,76.9054451,0.0004852293394811,75.8138008
,,4.46582674094078e-08,78.52858735,2.48060796109234e-08,76.8267479,0.0004159652192398,75.73693465
,,4.03818779613251e-08,78.44922255,1.35016887301354e-08,76.7590065,0.000360991765826,75.6572304
,,3.43243789286898e-08,78.37916185,3.30685957239657e-08,76.6840935,0.0003095812380793,75.57923125
,,3.85122334077791e-08,78.30182645,2.96788374567815e-08,76.6127434,0.0002589725022933,75.49481965
,,1.63180298801387e-08,78.2597847,3.8748586961083e-08,76.52765655,0.0002249576766077,75.42112735
,,3.75873132777381e-08,78.23994065,4.58270876919503e-08,76.4509964,0.0001915044715031,75.34687805
,,1.97549260335789e-08,78.22060775,1.20012240473041e-08,76.3689308,0.0001600486092953,75.26813885
,,2.74113205434238e-08,78.2000389,5.45734697360357e-08,76.28808975,0.0001352706283757,75.192688
,,3.3602265845822e-08,78.18030545,6.49403448566609e-08,76.20794295,0.0001135332303827,75.1181107
,,2.30194752644055e-08,78.17998885,4.19779311555307e-08,76.1242485,9.24144899708772e-05,75.03492355
,,,,2.8664430267379e-08,76.0517273,7.48455349149621e-05,74.93995285
,,,,4.12941070701662e-08,75.98186495,6.1316341474077e-05,74.85736465
,,,,5.69517039029159e-08,75.89665605,4.81182082445018e-05,74.7655716
,,,,2.22107271447434e-08,75.81620405,3.84061340034482e-05,74.68566515
,,,,4.33745293608051e-08,75.7409401,3.14624592738312e-05,74.61095045
,,,,8.98956748050138e-08,75.64225005,2.67437377881501e-05,74.540802
,,,,4.13023565686344e-08,75.56850055,2.1132487785751e-05,74.4578285
,,,,6.18942272052848e-08,75.47412105,1.72958612381667e-05,74.3797607
,,,,7.4266697614218e-08,75.3781166,1.47090062687286e-05,74.31246565
,,,,2.40737216057043e-08,75.2993927,1.22572544421057e-05,74.24149705
,,,,3.20212282617483e-08,75.2164993,9.70704233007919e-06,74.1555443
,,,,4.72444462257898e-08,75.1236267,8.13378770758239e-06,74.07983015
,,,,2.02100477183641e-08,75.03549575,6.98711463799541e-06,74.01138305
,,,,5.15122465421061e-08,74.95765305,5.64819032721898e-06,73.9262276
,,,,4.92226358839729e-08,74.87545395,4.77752468375268e-06,73.84833145
,,,,5.29361108164784e-08,74.80091855,4.08784125114859e-06,73.7712555
,,,,5.31598617936822e-08,74.7172432,3.46460785606894e-06,73.6875076
,,,,4.56434702143466e-08,74.63428115,3.07517593472958e-06,73.6200447
,,,,3.43878528877007e-08,74.5603027,2.74899889752339e-06,73.55163955
,,,,2.63690101325075e-08,74.4866791,2.43585611835834e-06,73.4794426
,,,,3.97432219156954e-08,74.40960695,2.2904739834025e-06,73.4021034
,,,,2.56987592362358e-08,74.3271942,2.00057069788362e-06,73.3179245
,,,,5.62605800276398e-08,74.24868395,1.90270002505998e-06,73.24191665
,,,,3.80182010794595e-08,74.170948,1.72010232560519e-06,73.16490935
,,,,4.46101743053575e-08,74.08579635,1.68191036630312e-06,73.08983615
,,,,2.34715385988099e-08,74.0081711,1.4760841192763e-06,72.9927597
,,,,6.43825800527873e-08,73.93398285,1.62925140411237e-06,72.9164581
,,,,1.73961950211695e-08,73.8630333,1.30849860207906e-06,72.82964325
,,,,5.01548278952349e-08,73.7916298,1.44385421724857e-06,72.7593765
,,,,7.52017259131811e-08,73.69342805,1.45581905413887e-06,72.6790199
,,,,7.7405145264492e-08,73.6034393,1.23309365915092e-06,72.58398055
,,,,4.09932355780102e-08,73.52915575,1.22215959364684e-06,72.4956589
,,,,3.02148866230895e-08,73.4422188,1.35967569811135e-06,72.4184799
,,,,2.23115192705894e-08,73.3676224,1.36124208245088e-06,72.34113695
,,,,4.93324106690479e-08,73.27910235,1.38534259053011e-06,72.25428775
,,,,5.26559635387446e-08,73.24956515,1.39753179012882e-06,72.18546295
,,,,1.17119314577393e-08,73.23306655,1.3646641719238e-06,72.1050415
,,,,3.12306980754006e-08,73.2030525,1.43238704650565e-06,72.0239105
,,,,3.4476039086181e-08,73.1903458,1.42099044576425e-06,71.9481621
,,,,5.40434620392237e-08,73.1807709,1.39414562815989e-06,71.86940385
,,,,5.72716148930798e-08,73.17471315,1.38677069689795e-06,71.78878025
,,,,,,1.38694048609449e-06,71.7116661
,,,,,,1.36500270192526e-06,71.6431885
,,,,,,1.40518299567091e-06,71.56101225
,,,,,,1.36516094253785e-06,71.4765053
,,,,,,1.4238455041902e-06,71.39818955
,,,,,,1.34764434323625e-06,71.33039855
,,,,,,1.37875506470094e-06,71.2453995
,,,,,,1.4302236141213e-06,71.16395185
,,,,,,1.40982327824988e-06,71.08911895
,,,,,,1.37975081688565e-06,71.00335315
,,,,,,1.37708443684776e-06,70.9294205
,,,,,,1.18192720901923e-06,70.83090975
,,,,,,1.21158455500973e-06,70.745636
,,,,,,1.37555900651398e-06,70.6710663
,,,,,,1.36050818709094e-06,70.60214995
,,,,,,1.45284438329123e-06,70.5296173
,,,,,,1.37547462131992e-06,70.4514389
,,,,,,1.39796776048403e-06,70.38204575
,,,,,,1.39006868718012e-06,70.29550935
,,,,,,1.37282729239024e-06,70.2219124
,,,,,,1.38998712755482e-06,70.15278245
,,,,,,1.37236629563927e-06,70.0660324
,,,,,,1.40953907633274e-06,69.99148175
,,,,,,1.38518036854398e-06,69.9028435
,,,,,,1.49458568420044e-06,69.82301715
,,,,,,1.3852789550217e-06,69.7504425
,,,,,,1.11986326023544e-06,69.5967903
,,,,,,1.17002176773261e-06,69.5071564
,,,,,,1.31944994367791e-06,69.4285202
,,,,,,1.36893543879048e-06,69.3571777
,,,,,,1.41396808481537e-06,69.27860645
,,,,,,1.37236416994128e-06,69.19424055
,,,,,,1.41659323261474e-06,69.11779405
,,,,,,1.39246367656846e-06,69.05033875
,,,,,,1.3544639233634e-06,68.97143175
,,,,,,1.37230180370099e-06,68.88191225
,,,,,,1.36812926935917e-06,68.8067169
,,,,,,1.40914296141624e-06,68.72774505
,,,,,,1.41671314249941e-06,68.6506462
,,,,,,1.38571987754015e-06,68.5802803
,,,,,,1.39447320559089e-06,68.5119171
,,,,,,1.44987662781194e-06,68.43785095
,,,,,,1.45432254595565e-06,68.36000825
,,,,,,1.38437520182121e-06,68.27721405
,,,,,,1.45287461762879e-06,68.1992035
,,,,,,1.41605414194598e-06,68.11314775
,,,,,,1.4222039446176e-06,68.03446195
,,,,,,1.40663338300073e-06,67.95845795
,,,,,,1.44551392616434e-06,67.8856125
,,,,,,1.42728167556104e-06,67.8066826
,,,,,,1.4316480709709e-06,67.72288515
,,,,,,1.44994062173166e-06,67.6519127
,,,,,,1.4109402060517e-06,67.58288195
,,,,,,1.44388411222656e-06,67.51248165
,,,,,,1.39202676008252e-06,67.4410095
,,,,,,1.44669518208448e-06,67.3661728
,,,,,,1.35573925527431e-06,67.2898445
,,,,,,1.38651632107732e-06,67.25234605
,,,,,,1.20613174083895e-06,67.2053528
,,,,,,1.13759922028541e-06,67.1912041
,,,,,,1.19914216042277e-06,67.17954635
,,,,,,1.34647991784081e-06,67.1745758
