# x, y
1.000000000000000056e-01 1.843157241172172078e+01
2.000000000000000111e-01 9.181551045311843851e+00
3.000000000000000444e-01 6.270750582408910034e+00
4.000000000000000222e-01 4.819163481857303033e+00
5.000000000000000000e-01 3.938457702761160473e+00
5.999999999999999778e-01 3.350066336751847285e+00
7.000000000000000666e-01 2.939869078410282555e+00
8.000000000000000444e-01 2.652372065128481005e+00
9.000000000000000222e-01 2.456754049901093140e+00
1.000000000000000000e+00 2.333723978720176007e+00
1.100000000000000089e+00 2.269749401416299772e+00
1.200000000000000178e+00 2.254299374705632353e+00
1.300000000000000266e+00 2.278462959012795164e+00
1.400000000000000133e+00 2.334251757808079031e+00
1.500000000000000222e+00 2.414265857412464911e+00
1.600000000000000089e+00 2.511561721055465046e+00
1.700000000000000178e+00 2.619634310046899728e+00
1.800000000000000266e+00 2.732462194748325413e+00
1.900000000000000133e+00 2.844583671719426832e+00
2.000000000000000000e+00 2.951182777250802136e+00
2.100000000000000089e+00 3.048170724726901426e+00
2.200000000000000178e+00 3.132252717120882934e+00
2.300000000000000266e+00 3.200973314073940479e+00
2.400000000000000355e+00 3.252736083751705198e+00
2.500000000000000444e+00 3.286795403639198643e+00
2.600000000000000089e+00 3.303220115587488515e+00
2.700000000000000178e+00 3.302830339400663284e+00
2.800000000000000266e+00 3.287110118120274649e+00
2.900000000000000355e+00 3.258099700335332027e+00
3.000000000000000444e+00 3.218272146947216417e+00
3.100000000000000089e+00 3.170399568988219841e+00
3.200000000000000178e+00 3.117414651475586940e+00
3.300000000000000266e+00 3.062273195701957107e+00
3.400000000000000355e+00 3.007823227690274326e+00
3.500000000000000444e+00 2.956685792098027843e+00
3.600000000000000089e+00 2.911151906043920601e+00
3.700000000000000178e+00 2.873099321649598803e+00
3.800000000000000266e+00 2.843931781673591619e+00
3.900000000000000355e+00 2.824542396404992495e+00
4.000000000000000000e+00 2.815301671660090044e+00
4.099999999999999645e+00 2.816069627508581252e+00
4.200000000000000178e+00 2.826230413805921327e+00
4.299999999999999822e+00 2.844746896510018441e+00
4.399999999999999467e+00 2.870231897213430639e+00
4.500000000000000000e+00 2.901032149113265568e+00
4.599999999999999645e+00 2.935320608974820278e+00
4.700000000000000178e+00 2.971192550286410050e+00
4.799999999999999822e+00 3.006760861663441364e+00
4.900000000000000355e+00 3.040246180742832038e+00
5.000000000000000000e+00 3.070057892100566566e+00
5.099999999999999645e+00 3.094862584504498582e+00
5.200000000000000178e+00 3.113637267330273239e+00
5.299999999999999822e+00 3.125705451919338795e+00
5.400000000000000355e+00 3.130755070996843692e+00
5.500000000000000000e+00 3.128838096139416880e+00
5.599999999999999645e+00 3.120352578010030076e+00
5.700000000000000178e+00 3.106008637089498148e+00
5.799999999999999822e+00 3.086780638263905807e+00
5.900000000000000355e+00 3.063848360681282745e+00
6.000000000000000000e+00 3.038530401333984443e+00
6.099999999999999645e+00 3.012213311116206604e+00
6.200000000000000178e+00 2.986280048162694101e+00
6.299999999999999822e+00 2.962041246017363516e+00
6.400000000000000355e+00 2.940672542696982639e+00
6.500000000000000000e+00 2.923160817633597475e+00
6.599999999999999645e+00 2.910261660001790762e+00
6.700000000000000178e+00 2.902469772580090535e+00
6.799999999999999822e+00 2.900003332409188062e+00
6.900000000000000355e+00 2.902802617641846439e+00
7.000000000000000000e+00 2.910542504177014322e+00
7.099999999999999645e+00 2.922657769789635207e+00
7.200000000000000178e+00 2.938379548579281408e+00
7.299999999999999822e+00 2.956780781525786939e+00
7.400000000000000355e+00 2.976828131216292750e+00
7.500000000000000000e+00 2.997437585543813121e+00
7.599999999999999645e+00 3.017530874628277626e+00
7.700000000000000178e+00 3.036089868502320321e+00
7.799999999999999822e+00 3.052206304342601761e+00
7.900000000000000355e+00 3.065124498750074533e+00
8.000000000000000000e+00 3.074275114513847829e+00
8.099999999999999645e+00 3.079298549368256310e+00
8.199999999999999289e+00 3.080057069850774099e+00
8.300000000000000711e+00 3.076635397693150864e+00
8.400000000000000355e+00 3.069330039714161185e+00
8.500000000000000000e+00 3.058628206155585616e+00
8.599999999999999645e+00 3.045177660173975731e+00
8.699999999999999289e+00 3.029749259523782268e+00
8.800000000000000711e+00 3.013194271557195325e+00
8.900000000000000355e+00 2.996398751022738338e+00
9.000000000000000000e+00 2.980237359102607897e+00
9.099999999999999645e+00 2.965528970106469764e+00
9.199999999999999289e+00 2.952996263685560674e+00
9.300000000000000711e+00 2.943231245473634683e+00
9.400000000000000355e+00 2.936668292885104670e+00
9.500000000000000000e+00 2.933565904786405554e+00
9.599999999999999645e+00 2.933997866430877455e+00
9.700000000000001066e+00 2.937854048898625781e+00
9.800000000000000711e+00 2.944850570502995257e+00
9.900000000000000355e+00 2.954548580842716099e+00
1.000000000000000000e+01 2.966380509243907948e+00
